3812
257
419
537
743
865
746
706
738
711
755
463
507
89
886
765
368
496
544
669
764
82
15
569
465
40
232
111
327
363
604
925
562
35
901
130
825
838
86
26
896
383
406
987
572
704
998
177
345
473
19
11
745
807
559
804
281
312
287
197
362
837
882
115
417
216
663
517
501
27
914
895
571
88
87
328
156
462
918
453
886
626
431
154
610
27
487
310
166
75
699
382
664
460
584
826
625
308
148
755
693
670
619
68
257
709
670
663
283
745
601
344
145
928
787
53
171
719
941
563
398
581
786
817
459
993
744
896
344
887
631
689
160
334
374
153
548
869
259
70
812
138
164
17
768
957
255
673
844
808
423
648
325
970
468
136
357
1
681
788
547
730
143
228
722
463
415
299
608
912
616
832
349
446
685
376
817
874
644
746
944
796
618
723
111
925
986
445
230
807
14
823
457
414
971
662
93
33
518
579
674
790
30
405
828
996
138
619
457
254
289
453
583
817
375
951
200
683
163
922
652
540
866
612
214
945
685
666
889
499
410
502
287
471
323
273
430
793
266
682
84
94
501
823
887
31
93
761
985
899
534
849
268
253
917
980
123
342
912
892
221
143
412
256
346
339
384
624
686
24
127
71
989
481
639
566
43
23
325
860
243
677
46
386
117
330
835
269
953
300
523
739
539
634
325
763
107
421
288
336
877
40
594
573
437
314
597
590
763
721
398
295
583
984
71
846
395
253
190
461
333
44
645
978
999
175
400
269
823
749
927
71
61
866
563
580
952
942
665
726
113
212
162
490
789
873
185
503
394
367
101
818
333
163
138
297
248
415
258
189
757
250
862
585
100
117
499
436
132
281
41
171
784
802
908
9
22
685
762
76
661
666
619
935
693
407
175
623
556
501
984
354
506
923
450
984
636
96
555
311
52
237
709
897
509
479
697
827
542
554
35
673
806
629
813
627
871
85
837
169
607
398
842
112
265
312
209
437
314
678
37
318
101
526
40
639
260
894
29
709
617
604
892
9
151
71
683
973
392
931
493
264
815
928
919
343
445
394
188
598
212
128
858
804
269
69
40
651
657
14
962
274
703
192
902
660
41
864
846
283
719
460
546
266
537
191
592
257
102
420
293
622
52
76
536
848
787
474
354
7
236
920
119
990
124
722
988
629
68
947
98
984
238
381
620
865
744
953
615
726
286
950
126
479
798
143
381
890
52
804
61
896
781
640
315
270
701
354
826
242
949
340
5
937
34
531
44
109
600
448
857
91
823
838
295
869
928
863
36
506
771
356
747
365
15
921
613
438
175
191
143
884
319
157
169
528
716
522
787
715
242
168
315
711
648
329
258
128
705
701
170
86
383
712
12
449
435
640
21
776
437
456
825
23
570
571
872
93
622
154
533
105
484
988
263
127
24
181
162
496
822
832
93
727
46
167
925
792
714
882
331
43
608
317
761
54
428
529
599
73
924
175
870
582
878
72
725
256
951
312
142
371
93
473
211
873
254
521
74
681
694
993
739
368
472
686
802
623
426
67
184
457
787
200
991
773
405
716
85
151
986
558
886
501
153
635
752
365
596
628
865
739
35
42
939
192
522
507
357
726
958
474
90
848
955
638
824
436
564
470
328
382
228
965
998
191
18
304
481
664
999
90
947
946
248
901
976
707
81
22
914
399
427
167
98
840
612
612
957
453
404
907
319
725
432
651
690
236
336
46
653
807
80
976
963
468
716
130
905
976
393
950
148
841
141
421
337
777
653
758
1
209
414
435
325
748
734
736
968
879
659
266
245
902
27
782
394
573
648
477
226
552
196
185
958
973
683
27
818
752
756
279
874
124
774
831
596
646
130
129
624
104
551
821
943
188
700
345
824
300
6
730
360
464
504
503
78
856
849
400
198
620
45
208
966
335
200
843
579
55
609
324
918
743
131
440
410
730
903
658
153
392
67
311
219
742
188
669
61
649
437
45
84
365
731
171
499
773
384
720
79
828
786
925
960
783
879
232
709
741
493
62
491
779
197
871
866
93
240
689
789
6
742
331
142
39
989
592
69
181
629
805
653
772
896
813
380
199
216
930
478
378
565
109
460
154
539
68
376
472
473
549
834
608
278
247
32
496
830
713
517
441
586
549
861
638
931
917
830
151
472
356
194
801
902
319
921
768
320
532
786
562
244
803
544
281
395
913
749
929
382
518
248
486
738
108
972
17
257
829
448
687
562
464
23
255
998
323
338
311
100
492
549
234
102
309
379
546
130
909
93
631
13
456
331
395
245
841
326
713
377
988
200
395
985
408
692
686
505
489
346
52
920
500
203
665
525
420
262
874
529
773
550
72
538
437
597
647
309
94
889
172
1
975
165
769
190
469
91
330
681
465
782
7
386
917
913
780
751
626
190
375
705
575
767
190
137
160
664
133
619
256
848
859
265
637
976
654
906
303
652
595
908
355
717
991
989
307
599
157
8
998
936
473
310
372
589
762
284
919
331
797
835
112
485
934
714
779
915
499
472
980
447
664
706
106
733
889
25
351
520
860
323
634
481
889
649
276
114
515
728
721
877
503
680
687
683
882
161
558
404
1000
524
87
996
536
842
634
584
543
465
935
271
495
466
753
387
982
741
832
436
13
841
562
811
526
912
785
630
739
309
512
137
295
948
660
775
70
829
880
541
771
11
112
244
323
729
943
401
54
553
652
708
999
627
623
290
957
267
833
423
729
990
620
819
751
273
860
882
60
69
741
246
991
341
62
806
61
844
561
164
460
768
388
172
53
448
446
529
942
10
16
688
722
367
10
557
907
510
286
606
356
326
971
664
613
647
846
143
437
427
384
817
308
339
587
704
103
46
973
823
760
861
389
30
59
53
179
560
233
48
730
731
434
640
607
261
216
481
108
884
764
20
30
436
891
641
990
744
692
818
464
685
834
823
24
433
707
349
355
436
343
157
968
183
422
745
84
791
773
799
143
703
744
614
138
925
768
927
107
292
990
212
1000
319
359
70
602
415
732
931
232
379
942
965
588
950
545
51
416
329
527
2
805
13
471
51
884
802
840
646
410
961
627
220
285
287
437
644
630
406
145
746
524
755
457
701
809
201
562
196
747
781
274
794
287
255
476
48
308
874
247
726
626
262
218
815
273
938
556
886
914
219
145
915
707
914
528
476
326
170
652
866
696
242
257
763
370
901
130
447
596
613
765
752
175
308
112
660
501
529
962
20
82
618
723
495
405
700
721
851
975
508
209
336
235
810
316
299
812
911
662
538
607
779
459
489
676
541
729
594
239
153
436
348
971
734
470
493
619
27
110
186
913
239
188
125
240
265
355
446
853
857
660
389
2
117
206
878
734
834
358
253
271
836
464
584
872
112
401
64
253
177
787
628
203
132
539
943
335
112
727
459
881
727
506
99
543
427
310
426
445
390
972
479
748
975
287
460
170
280
183
996
181
432
564
598
437
436
58
551
135
2
894
397
141
371
179
198
971
419
601
541
512
392
561
442
355
950
370
942
56
492
177
613
733
744
431
411
331
314
30
33
75
13
717
894
113
963
749
288
112
528
684
488
76
636
88
131
785
452
184
609
408
373
119
529
711
88
269
493
419
425
392
169
926
786
909
931
712
396
578
338
892
257
345
661
877
389
569
454
833
514
879
170
373
31
777
528
956
475
364
553
970
186
148
514
919
907
607
672
469
353
831
341
251
753
906
579
949
105
378
192
87
270
85
543
690
965
693
176
480
82
510
538
22
545
783
392
309
291
468
574
962
511
22
280
17
522
765
42
751
564
102
891
24
862
945
291
257
888
203
674
370
436
365
461
146
344
287
4
365
256
835
831
511
543
346
378
393
407
640
400
835
360
744
908
273
776
28
971
955
147
148
546
755
841
486
405
586
317
212
250
173
201
732
115
44
88
30
992
135
161
63
603
481
617
236
549
117
513
367
629
399
483
237
201
424
354
948
160
544
974
583
797
623
930
263
81
608
459
143
743
478
128
363
483
599
619
736
927
753
525
112
444
85
746
946
553
93
409
232
811
870
911
874
674
843
797
704
23
255
918
87
57
946
420
220
434
535
644
283
751
507
856
999
274
521
123
385
486
865
856
770
139
542
193
493
715
1000
244
489
341
152
394
933
499
112
98
119
516
200
912
944
333
402
368
906
878
929
664
365
862
590
700
91
214
491
426
867
80
728
742
870
836
389
845
97
122
556
191
384
700
806
305
389
781
932
461
315
873
186
78
861
984
330
905
235
422
884
908
585
84
348
338
499
320
984
183
989
198
705
740
202
302
494
478
776
435
47
589
657
813
827
695
982
867
853
953
817
677
761
643
425
192
869
147
674
309
508
141
547
224
153
787
983
107
962
817
654
925
723
562
503
268
761
172
826
240
335
322
17
192
395
516
217
737
369
213
987
197
916
94
716
288
545
151
802
848
243
14
139
276
337
754
381
170
794
252
891
687
993
846
326
127
985
503
544
508
274
671
641
844
285
19
103
203
786
943
452
296
327
382
357
879
984
135
147
669
994
436
560
649
909
949
556
10
921
520
766
281
69
396
731
302
809
790
308
398
502
848
534
992
608
31
293
619
930
908
320
49
956
826
721
162
226
962
548
183
800
137
682
803
363
167
621
639
419
335
991
569
60
415
601
204
177
458
792
215
357
484
271
15
198
847
197
575
929
328
549
501
327
394
879
863
502
441
993
127
446
522
721
360
346
648
459
730
141
600
735
991
183
481
185
681
745
779
49
308
923
614
157
309
235
931
797
628
269
675
924
346
359
314
779
975
745
879
267
587
951
610
760
174
707
833
580
655
496
777
748
162
397
231
552
180
882
813
119
495
658
416
692
855
955
966
690
835
963
494
654
99
986
501
692
579
485
463
917
245
23
583
258
842
56
262
384
569
562
989
257
315
629
952
167
668
717
641
714
784
698
47
571
824
623
97
518
34
105
801
164
695
880
142
359
712
840
635
580
33
645
474
841
767
971
572
20
886
817
691
604
721
668
226
502
512
384
833
20
895
542
481
695
103
389
748
427
835
998
349
727
700
881
245
488
254
180
435
378
390
568
238
192
683
204
289
181
92
318
348
66
181
835
502
803
68
313
399
901
359
325
924
711
97
329
68
104
549
16
975
77
410
39
703
658
726
505
33
150
260
764
944
575
844
615
857
75
795
377
328
402
111
891
485
868
980
400
128
754
767
780
326
676
580
623
445
166
524
374
409
914
465
249
598
526
909
238
10
604
739
368
695
67
947
954
721
216
801
778
459
721
203
231
445
664
416
621
431
297
816
949
19
591
144
447
582
892
811
258
686
395
218
123
442
344
958
603
55
855
118
152
150
975
170
474
924
859
436
20
101
379
969
312
49
14
543
140
371
144
495
727
133
877
78
121
826
642
974
744
210
973
280
951
584
135
176
44
684
812
551
835
390
486
60
717
800
115
51
987
337
232
283
62
367
19
118
320
126
297
546
96
926
15
239
486
808
709
44
479
469
444
88
905
761
330
164
638
414
614
79
184
481
812
952
829
292
142
310
503
590
860
908
676
826
942
965
327
718
338
105
343
957
482
792
783
736
847
56
897
124
643
726
247
814
647
212
699
614
954
382
353
593
276
957
860
839
369
139
934
201
762
128
596
393
896
180
822
820
138
616
535
374
869
990
137
482
714
707
215
462
802
663
86
708
792
91
165
329
689
904
978
576
426
413
660
206
117
333
71
98
834
444
426
815
475
75
167
986
285
596
867
398
648
528
707
863
651
376
598
966
770
8
120
713
416
269
521
383
49
420
221
495
687
905
641
373
267
871
164
459
704
300
954
756
310
748
520
310
644
551
582
288
498
387
542
999
353
539
861
245
999
557
623
685
524
994
26
723
210
83
43
105
625
112
487
905
124
385
172
491
967
102
35
743
326
911
522
688
214
580
483
583
586
171
738
25
442
998
664
769
264
956
138
562
521
712
614
205
900
763
790
720
149
21
957
781
867
857
309
616
413
920
534
284
538
522
978
130
577
435
148
15
536
68
497
71
845
685
581
827
50
33
43
342
59
901
121
296
403
417
363
670
734
775
810
967
20
492
198
678
629
543
24
625
922
130
486
785
853
812
910
825
247
601
634
753
78
743
810
289
867
353
963
609
659
290
73
314
978
474
456
349
401
863
131
480
802
529
669
899
386
21
202
408
949
470
445
610
694
833
844
79
174
196
986
617
846
928
5
266
997
106
727
805
955
264
165
178
478
659
699
864
941
678
522
991
541
231
962
156
265
871
186
350
158
861
671
201
300
593
66
488
909
801
233
581
206
183
352
714
168
421
675
861
584
723
556
286
998
705
574
312
645
710
212
447
695
231
913
116
581
880
174
846
284
168
798
82
391
356
754
663
214
201
659
158
673
438
263
893
656
305
465
176
25
234
174
362
974
485
620
885
423
656
735
97
635
333
768
448
527
959
387
129
15
294
782
994
14
26
306
588
374
293
944
285
638
913
732
387
728
978
156
833
848
626
125
30
219
530
858
57
869
164
103
703
186
663
862
810
453
954
85
596
97
461
489
647
739
213
378
696
943
192
848
430
712
682
566
407
778
979
663
86
580
650
135
909
710
779
733
216
584
788
826
865
583
496
536
175
631
514
954
150
427
5
829
389
22
383
657
400
353
301
471
603
158
106
717
419
750
96
703
47
659
647
309
2
585
699
262
807
152
367
387
793
849
501
617
464
782
160
502
363
610
520
996
210
543
205
96
261
895
136
901
244
318
476
150
653
692
285
119
104
340
81
152
589
158
554
346
280
253
888
534
856
173
522
174
709
237
784
849
723
28
723
157
41
667
492
921
381
783
752
500
44
348
759
693
824
391
5
954
981
764
233
547
918
84
403
207
908
573
95
762
204
889
542
855
732
871
727
413
858
638
225
727
321
681
843
808
600
158
174
687
709
110
526
108
108
821
633
702
725
879
276
550
798
160
720
896
352
916
481
14
404
523
972
358
245
353
246
217
354
671
154
410
569
561
111
747
330
803
360
538
84
783
997
99
622
331
369
902
251
935
292
900
523
656
367
808
773
816
538
807
636
942
598
477
253
555
929
130
999
941
34
61
467
640
498
733
152
734
775
896
724
674
446
736
596
785
257
826
489
376
586
567
222
725
41
894
462
923
933
100
144
995
552
507
530
10
853
742
700
702
893
256
130
51
462
858
688
874
87
841
565
922
454
636
525
560
408
515
182
367
820
204
257
511
578
872
973
562
399
780
29
449
509
620
166
30
509
388
728
680
105
584
267
473
846
756
184
575
174
918
470
765
319
132
848
94
688
90
871
519
766
685
901
929
37
540
34
818
719
659
289
772
118
226
659
605
529
897
804
640
474
944
139
482
4
910
43
640
377
93
429
702
391
465
456
519
377
297
208
702
954
94
2
885
225
340
924
106
338
935
146
46
369
256
920
572
205
928
299
569
695
721
106
199
782
572
517
523
293
414
428
872
490
22
931
982
206
659
929
167
998
125
451
787
861
709
299
166
796
24
865
387
99
727
587
795
862
595
452
708
432
904
190
461
180
915
121
5
824
265
840
701
791
666
846
269
550
165
427
535
986
320
295
23
195
599
864
229
292
910
195
856
486
12
631
685
416
657
791
10
436
188
673
627
42
1000
866
808
333
381
242
906
492
201
483
578
754
929
580
581
860
891
903
687
503
963
725
716
1
71
679
595
771
491
212
598
551
901
115
975
634
205
290
527
658
189
101
820
863
407
493
742
668
803
562
910
473
811
292
231
697
886
80
47
784
148
682
860
33
616
453
964
642
266
386
135
855
568
613
621
359
48
350
780
230
99
442
379
204
263
590
121
304
754
571
359
383
141
717
251
467
336
500
516
46
207
8
185
537
142
361
584
847
755
830
595
653
977
845
344
993
255
839
662
599
895
843
884
633
186
41
434
553
352
655
638
441
579
828
409
129
912
710
320
288
508
522
856
53
812
761
835
219
800
66
212
558
443
640
797
868
893
914
946
557
904
626
880
642
421
984
252
662
211
673
548
873
200
869
336
59
642
580
940
942
465
401
703
520
230
380
172
504
758
731
264
70
826
749
355
74
918
121
190
134
609
333
859
384
466
898
467
128
302
579
840
493
394
954
403
84
436
344
552
602
362
125
70
542
617
627
543
565
756
606
922
758
700
688
816
930
44
93
1
234
818
796
329
109
945
441
659
69
474
588
213
809
726
265
10
7
626
597
53
680
8
753
239
282
889
624
476
197
659
394
892
504
602
841
958
217
111
934
375
769
743
925
157
777
264
83
577
272
126
185
787
799
483
316
36
398
258
92
60
442
112
590
570
235
789
609
668
327
354
692
62
30
630
388
826
585
39
410
859
170
918
882
3
523
955
260
751
564
350
676
986
440
122
113
354
365
993
589
967
5
436
504
942
64
433
235
924
187
285
268
934
418
421
8
306
330
184
838
343
941
448
495
937
418
226
593
903
203
52
877
298
168
627
802
95
402
867
145
734
642
781
914
81
392
868
695
151
628
715
863
756
956
619
988
452
389
30
580
516
316
108
65
479
609
305
195
959
754
231
390
710
914
714
937
429
430
766
824
921
213
619
188
708
605
758
322
433
133
876
886
866
487
6
629
544
279
532
379
404
309
321
793
579
285
