825
7
78
58
31
76
85
53
58
84
68
79
13
75
92
73
98
99
32
57
12
50
73
17
83
25
33
29
51
6
98
10
38
24
39
28
6
52
54
50
64
6
8
71
63
63
38
95
58
13
82
15
64
45
63
70
11
10
83
10
52
7
96
7
46
72
93
70
100
100
34
41
75
41
32
89
40
95
43
75
14
15
39
63
14
74
44
13
45
78
27
18
27
33
40
6
51
58
84
22
12
9
99
96
95
29
69
17
2
30
11
54
34
23
22
53
82
53
79
6
63
89
25
75
6
93
62
61
89
25
25
90
75
63
43
77
10
22
46
30
93
64
89
70
58
82
62
83
73
11
88
44
95
42
17
89
36
30
21
73
26
45
36
50
13
86
86
51
19
44
54
9
51
52
100
37
49
98
86
79
36
23
96
45
7
46
47
29
29
16
32
48
95
30
64
3
79
77
90
46
39
84
84
28
29
77
82
30
82
58
25
3
92
81
40
39
51
44
49
25
41
73
8
70
50
64
52
24
83
39
13
3
12
49
48
77
77
76
59
12
90
80
17
98
84
64
34
87
26
94
73
22
96
22
99
18
87
83
14
49
80
14
1
52
27
64
91
90
50
81
77
80
72
45
67
1
49
31
86
99
45
16
39
91
46
15
79
80
49
17
74
38
62
60
63
39
77
87
9
43
65
10
5
65
57
70
16
24
97
9
30
40
9
32
56
43
62
49
11
57
97
65
44
56
8
43
8
76
46
18
97
42
58
41
67
21
23
33
15
41
49
70
45
45
52
83
38
65
37
47
37
82
50
35
29
53
87
22
7
88
96
100
100
31
39
84
42
78
23
40
62
63
100
79
11
35
20
98
61
27
24
87
72
83
8
90
91
34
48
34
81
11
21
58
94
75
29
42
93
42
57
88
89
70
88
14
68
3
93
48
69
45
27
74
47
80
24
70
99
53
92
96
59
90
51
5
2
94
40
58
53
22
16
53
64
98
76
2
1
35
79
22
70
18
3
12
12
90
25
8
51
5
88
94
88
20
84
79
72
35
26
67
32
61
53
14
38
81
56
60
19
72
96
35
4
48
58
65
50
84
45
58
90
79
55
79
64
81
17
16
25
48
65
30
85
43
27
87
96
2
77
55
32
13
11
69
42
32
34
82
59
61
69
81
3
21
96
33
51
6
63
33
54
41
54
50
41
74
40
21
67
93
71
47
8
8
35
89
27
85
82
67
31
48
17
30
77
39
89
10
45
73
28
61
87
88
99
56
2
99
90
50
98
94
83
31
49
3
19
10
79
64
9
71
26
76
6
4
15
4
59
55
45
95
32
56
82
26
22
63
12
18
8
71
8
44
35
90
35
94
95
75
9
19
6
27
89
83
10
25
29
68
95
68
54
35
12
80
9
100
49
100
97
98
16
75
60
2
31
54
17
27
13
23
74
11
26
94
14
98
31
21
43
92
33
4
16
5
84
19
30
70
99
91
57
11
61
64
29
63
18
4
20
28
87
46
55
7
18
2
20
17
98
60
67
37
44
57
75
61
60
25
16
42
96
11
47
29
40
60
95
100
5
69
90
59
37
43
12
6
11
95
49
59
8
41
66
25
94
65
12
9
30
92
19
75
42
66
63
19
74
55
55
98
77
93
48
32
98
9
3
67
81
6
9
81
72
19
46
51
35
100
81
67
48
36
93
23
14
95
5
89
25
91
60
46
47
54
13
94
27
22
25
58
86
47
65
94
15
50
65
31
20
75
80
97
65
68
73
68
17
71
44
13
85
95
42
71
35
6
8
68
61
67
38
15
79
59
1
86
48
39
83
75
70
99
15
3
11
25
98
26
100
40
49
1
37
37
65
52
84
51
50
64
1
23
