7131
655
64
263
694
941
12
683
876
36
881
630
89
677
652
891
918
493
618
663
285
724
937
482
813
591
449
635
402
937
740
578
539
825
551
920
768
592
795
170
624
68
755
542
347
126
516
192
954
718
703
84
920
517
632
922
992
890
457
516
224
660
418
707
96
878
320
651
130
603
85
481
626
880
130
300
724
787
388
263
558
991
470
549
913
207
4
379
645
907
636
574
121
999
125
448
685
252
557
692
414
216
495
581
971
667
520
810
76
954
594
777
112
916
884
58
272
434
247
264
686
527
607
18
292
735
352
704
501
307
160
499
87
805
354
901
358
93
101
57
141
242
536
265
631
533
574
54
16
587
506
833
574
984
712
868
292
544
807
246
144
709
20
76
887
725
363
353
478
291
22
113
591
68
218
101
517
896
507
75
605
678
413
738
881
766
379
392
130
722
39
47
321
940
529
87
673
717
695
966
890
606
174
540
21
132
23
308
618
890
601
25
264
747
610
446
906
171
293
914
754
622
212
779
452
964
719
709
33
863
364
99
152
420
756
477
631
72
833
86
905
519
938
631
860
909
309
440
854
391
58
168
936
874
928
657
535
675
180
868
218
982
166
802
599
420
86
983
323
692
366
713
406
706
909
531
653
614
333
82
26
534
42
365
114
69
510
964
459
530
396
964
159
699
490
837
185
155
838
233
819
173
28
966
131
284
654
294
564
44
16
561
291
779
621
528
299
487
661
186
700
877
137
792
214
231
805
497
591
13
329
164
566
522
24
24
268
899
466
500
478
982
422
33
266
355
678
176
961
663
93
147
344
379
966
31
307
383
18
686
49
823
806
558
264
716
309
532
852
773
896
319
790
659
825
28
219
212
392
500
512
893
430
679
739
267
384
26
636
869
797
80
19
983
501
403
109
852
209
264
808
586
206
49
643
463
926
718
15
590
225
185
702
253
731
835
635
480
466
296
887
761
941
529
264
155
425
545
7
692
781
483
989
646
95
692
202
985
183
318
324
803
354
916
855
128
702
221
854
658
828
899
376
397
78
364
771
856
738
525
834
407
736
878
62
92
353
593
645
662
681
30
360
827
775
757
857
247
309
486
1
155
395
156
105
744
525
480
724
298
467
561
663
994
519
863
676
69
548
683
286
705
60
762
270
907
921
641
338
474
810
270
327
75
520
218
625
694
53
121
21
826
430
408
277
260
58
375
360
838
755
696
63
150
632
528
551
184
637
746
402
735
622
860
587
24
726
822
417
547
851
311
770
148
496
385
360
402
268
627
415
546
981
806
690
321
150
827
587
788
342
238
357
940
233
929
574
334
506
96
640
799
450
482
523
989
75
751
948
893
830
263
800
226
347
265
616
130
601
724
422
139
728
812
180
313
710
529
471
380
81
694
987
843
171
73
824
480
808
192
82
786
888
380
618
648
774
627
760
307
870
393
645
62
986
157
758
288
839
651
882
279
805
136
64
122
67
91
558
40
25
534
78
709
721
415
374
822
289
901
737
396
915
16
420
13
539
657
443
596
325
956
30
277
117
652
330
304
80
976
779
880
916
123
786
335
834
775
229
246
126
873
567
452
117
773
670
768
969
298
607
666
135
471
810
676
42
296
867
221
34
7
174
743
552
878
782
207
277
129
376
756
761
187
11
511
964
527
946
628
694
37
962
660
854
474
91
284
966
986
869
245
429
995
62
563
851
442
702
300
337
18
821
403
525
520
242
408
335
726
187
1
64
389
814
945
901
978
489
725
108
497
758
388
188
30
643
607
328
313
907
92
273
838
221
448
865
398
355
651
441
163
145
928
883
796
167
115
567
783
337
955
77
436
550
875
20
641
674
576
259
763
245
542
395
396
349
546
854
705
35
649
303
819
516
74
350
125
32
954
401
246
693
349
957
433
778
674
258
140
871
477
158
354
585
579
694
113
456
705
649
261
694
542
788
844
573
804
808
395
486
174
70
57
118
154
793
60
642
855
684
790
737
888
873
322
637
806
359
363
96
110
804
967
993
646
537
960
746
250
879
303
570
99
140
909
340
625
475
578
357
130
395
155
621
460
594
25
224
826
273
426
502
277
250
216
471
82
168
258
807
987
909
342
719
542
494
82
640
519
725
958
855
297
331
501
726
283
186
279
899
668
757
220
314
703
711
316
372
131
737
139
73
947
122
66
686
640
983
58
143
725
172
473
147
71
848
127
371
363
244
327
640
320
975
894
463
946
585
79
62
899
613
978
536
768
605
143
547
65
335
596
484
861
744
254
850
440
374
437
891
698
382
958
714
359
657
846
15
857
614
691
268
320
98
116
242
1
875
807
957
715
62
449
389
566
706
78
355
348
228
37
369
666
44
142
802
210
141
869
204
447
157
806
433
473
537
95
648
750
496
310
743
316
704
285
998
58
582
680
516
189
210
613
181
779
569
687
782
313
523
172
366
985
276
525
569
204
14
133
443
330
320
442
618
12
927
989
67
273
46
287
546
207
297
870
751
451
981
688
568
464
960
740
416
168
373
555
905
884
928
595
258
871
366
142
448
767
853
875
510
571
331
457
257
132
379
689
528
473
35
22
121
95
117
426
607
255
836
203
921
31
905
808
845
438
4
590
546
861
1
819
331
668
219
22
150
267
647
962
911
56
779
608
153
106
451
57
294
55
898
524
10
496
148
129
670
649
436
952
759
718
619
221
895
620
532
949
19
976
899
997
41
827
335
849
350
948
705
600
722
117
505
621
604
935
141
866
338
463
197
692
211
745
472
838
897
821
299
911
236
560
465
77
966
77
704
518
569
293
24
92
406
119
727
39
564
531
788
846
960
996
574
574
650
964
964
599
275
1000
704
480
835
953
515
209
788
836
556
192
730
971
313
111
756
472
863
10
797
464
714
755
986
668
727
244
810
996
215
367
215
883
744
768
901
877
302
55
745
134
962
672
505
390
106
70
263
719
807
859
404
665
686
497
825
137
138
814
646
807
778
282
99
466
172
90
908
664
349
396
880
705
818
525
639
176
552
563
709
655
991
546
216
12
292
750
141
687
332
467
175
378
237
648
912
641
348
361
23
337
426
647
279
284
168
587
809
801
30
858
580
503
269
168
39
758
338
880
285
727
996
990
733
87
229
30
403
130
810
952
412
795
242
91
107
153
451
240
391
457
488
831
941
761
185
590
972
779
287
978
204
158
312
935
102
26
342
808
762
728
184
782
157
284
816
938
217
777
632
266
387
541
254
936
382
361
361
65
610
372
873
536
273
795
566
80
756
491
998
477
855
983
103
776
132
35
594
438
43
234
682
51
922
734
766
171
783
504
873
427
467
856
468
372
772
731
503
740
867
183
662
414
198
198
156
521
5
589
954
313
862
843
279
443
856
601
548
481
9
112
430
227
731
976
742
304
46
502
846
899
573
826
318
645
73
1000
75
906
515
322
405
636
381
442
203
911
664
510
659
895
52
482
373
550
179
902
229
207
314
376
86
82
853
667
11
30
246
44
829
740
199
662
138
57
167
176
111
372
652
256
838
16
429
321
613
515
630
471
809
251
287
967
621
42
473
981
847
54
256
780
31
915
980
60
371
287
787
859
197
541
910
242
167
219
545
365
73
264
10
742
280
452
725
908
649
516
359
268
349
662
345
770
468
451
804
795
951
38
949
150
178
828
832
529
405
308
677
739
747
896
916
288
207
420
706
715
91
402
764
141
235
600
911
9
672
593
733
892
172
667
398
312
835
462
815
824
927
558
372
725
22
12
782
412
344
963
838
996
933
802
567
134
203
55
75
817
176
118
457
669
586
851
795
472
702
664
812
303
343
923
441
211
788
240
826
955
393
532
271
679
529
325
926
895
415
212
914
612
319
222
660
558
994
506
627
44
357
204
195
763
854
973
229
393
822
312
416
46
927
637
56
307
745
325
217
561
732
140
213
404
199
207
61
996
197
804
95
839
327
101
785
147
692
116
447
949
725
814
457
47
699
39
390
494
97
519
670
752
816
769
655
966
114
466
656
123
63
375
611
545
113
687
197
785
356
730
904
935
250
421
260
947
394
21
579
628
156
880
272
508
255
730
42
329
790
201
793
799
178
121
153
782
514
329
639
387
689
648
261
20
850
939
160
132
65
709
982
522
873
863
606
128
817
403
552
305
262
280
660
70
624
844
633
699
868
243
789
581
216
612
835
205
281
765
28
780
372
923
108
988
702
337
394
667
29
463
902
291
522
504
295
742
952
817
26
406
51
64
672
66
989
701
217
372
75
246
726
919
31
70
443
423
871
817
110
835
681
229
291
593
655
513
844
815
464
661
958
99
784
608
261
359
184
286
464
499
564
216
660
418
707
390
827
814
120
311
326
542
856
87
381
422
59
572
887
67
161
59
210
595
547
674
827
817
56
456
510
459
293
889
91
302
161
944
644
789
473
594
772
979
415
657
482
808
925
48
253
696
892
669
396
312
898
284
433
439
430
717
105
253
108
133
22
442
24
604
50
168
178
720
518
8
752
109
691
117
766
918
855
293
397
557
108
706
210
696
479
25
57
986
407
803
613
864
493
26
944
547
730
855
823
544
389
33
303
480
992
658
57
312
896
383
697
545
225
419
412
879
324
266
145
658
832
597
303
729
193
29
827
213
870
38
178
847
166
721
462
232
919
780
545
846
444
23
974
350
234
943
780
327
200
210
340
710
747
89
460
533
252
553
680
530
389
721
6
445
748
6
70
785
546
527
150
157
804
741
741
60
414
412
279
811
87
580
800
191
816
536
340
136
348
308
280
442
18
771
272
936
478
84
856
408
419
582
217
698
823
868
55
691
68
980
316
796
239
361
422
832
582
225
382
757
12
785
854
16
495
572
476
735
927
451
730
554
888
919
877
714
906
288
701
659
339
581
89
459
885
655
524
450
871
606
862
153
582
397
118
579
597
427
441
746
741
417
348
188
736
101
595
427
56
95
263
333
51
75
491
52
36
504
82
41
41
464
251
573
161
900
744
657
73
495
649
450
480
341
940
430
147
70
527
737
859
821
680
240
559
882
491
458
452
59
6
724
428
494
373
230
231
969
589
392
302
374
380
53
720
299
274
381
751
703
39
953
558
785
396
447
156
431
238
136
353
370
965
781
834
385
521
534
338
631
436
422
118
127
770
154
406
495
413
647
406
142
973
926
655
509
723
224
690
410
998
737
939
243
152
264
888
209
3
912
526
565
29
406
887
936
391
805
923
195
491
772
490
351
811
351
484
564
441
939
224
358
392
196
595
496
213
226
232
14
25
448
967
436
180
152
771
306
165
98
144
949
227
531
241
781
687
330
282
785
755
244
488
544
645
234
922
183
453
789
956
201
26
334
910
620
398
47
744
504
900
229
822
985
602
310
789
894
478
701
767
914
821
758
802
569
775
754
762
611
593
59
48
24
952
231
825
563
425
996
130
884
463
629
771
365
134
194
860
705
409
85
620
898
880
762
524
791
280
914
983
874
409
690
912
534
38
220
570
752
410
391
664
437
888
730
642
998
470
455
30
491
259
796
94
919
891
579
251
911
175
706
892
476
267
503
666
778
967
556
841
173
465
482
958
607
366
903
89
720
484
194
278
966
295
421
952
58
793
913
833
422
806
62
992
351
950
159
162
685
477
908
147
481
134
777
955
86
782
890
813
309
25
560
339
761
294
511
448
469
614
478
93
152
981
622
263
535
711
14
176
854
787
252
716
525
806
235
697
268
848
8
335
588
503
28
694
368
875
360
651
767
123
388
61
152
378
477
33
923
427
394
435
414
534
541
791
850
687
53
202
873
637
99
873
533
164
997
791
710
456
102
115
739
865
906
756
85
408
8
49
869
54
830
131
867
259
821
286
240
686
841
68
956
734
314
128
20
725
258
244
893
904
764
966
281
771
443
262
295
504
955
397
827
94
489
463
418
815
733
208
551
309
196
894
579
174
178
941
729
178
859
41
189
846
723
542
13
694
442
562
747
615
604
917
484
525
714
378
378
350
512
651
396
998
13
52
823
995
216
114
851
750
30
613
524
163
531
216
57
440
765
436
760
131
455
59
913
669
47
242
15
226
733
1000
392
715
594
460
693
539
12
967
818
320
387
26
916
87
655
822
936
141
350
475
451
799
897
253
674
643
442
827
953
217
670
457
861
396
295
617
647
584
768
728
848
821
206
587
661
777
65
298
657
444
761
350
266
854
254
346
370
220
12
593
884
370
49
456
79
525
646
767
523
821
83
814
906
570
709
810
414
819
430
669
840
412
367
805
490
214
471
226
152
974
586
983
826
150
992
889
32
858
548
824
421
30
442
170
925
619
311
984
867
634
168
706
662
509
235
644
749
524
962
107
202
719
721
323
60
987
892
261
437
38
135
342
515
853
503
741
929
206
20
825
705
480
286
41
276
111
277
899
145
602
932
455
19
419
876
603
243
509
807
425
692
820
716
329
292
517
92
512
539
420
990
847
206
193
769
345
847
112
101
887
366
147
709
736
407
623
716
541
148
841
316
200
330
820
356
53
388
7
938
282
570
293
646
646
428
737
571
376
348
791
239
602
142
38
332
912
639
672
581
341
110
613
682
502
86
291
962
138
572
714
541
265
57
30
616
508
674
149
357
309
49
587
170
612
477
361
513
422
404
376
891
571
743
544
760
889
801
971
852
46
503
236
991
64
150
591
344
212
100
240
587
449
159
245
548
184
180
261
976
324
530
237
836
574
656
541
174
390
77
560
534
872
451
920
516
512
716
262
481
227
427
727
522
318
774
966
74
27
57
703
949
856
719
898
143
280
42
147
612
519
762
916
367
827
572
29
828
321
464
157
768
432
838
72
638
186
856
227
461
9
484
845
438
86
420
655
930
552
2
47
805
816
337
567
287
320
96
465
563
131
966
340
160
697
817
765
986
577
818
990
320
96
642
487
727
474
455
535
944
293
984
675
868
114
834
628
637
619
470
693
544
717
175
688
772
16
283
465
650
193
735
927
842
900
620
879
741
432
632
425
258
626
106
473
738
953
390
960
151
208
741
528
584
714
645
804
924
542
717
750
643
708
977
112
643
930
995
201
450
90
280
695
894
455
17
710
381
141
180
534
132
401
482
971
429
310
467
241
328
427
711
205
442
482
804
304
689
756
226
683
415
310
713
412
959
65
861
446
935
571
986
546
616
556
428
754
805
668
768
579
746
122
675
195
205
30
446
8
302
529
135
203
156
353
452
239
117
729
42
670
15
336
758
715
613
14
45
720
671
856
462
276
761
608
74
723
279
95
988
926
799
305
56
502
738
244
17
103
672
216
413
423
599
371
755
79
828
636
775
112
725
991
944
79
374
531
542
813
143
655
16
320
430
685
907
380
370
459
773
325
956
510
763
79
179
667
491
77
690
788
591
253
724
355
466
701
852
102
161
326
932
848
762
954
55
327
51
573
957
251
392
115
236
636
155
171
333
828
521
626
318
388
150
974
726
187
588
924
803
356
480
938
161
443
538
664
590
431
752
335
23
263
243
902
58
698
457
88
454
339
11
545
272
752
887
454
931
54
475
116
49
679
203
493
71
623
857
174
753
406
915
376
453
768
220
910
307
371
958
327
893
737
497
503
169
309
40
174
450
83
314
560
183
166
561
137
484
250
594
215
231
914
915
193
827
897
635
48
670
460
790
943
1000
894
746
211
625
979
953
580
886
701
952
698
166
136
833
263
694
896
555
577
628
896
587
478
7
351
780
981
617
644
911
907
342
10
831
654
510
184
628
177
998
315
609
82
420
846
501
245
43
774
889
719
248
242
557
98
577
522
79
222
149
314
708
249
537
272
976
185
967
394
845
528
542
342
574
32
996
444
435
557
626
535
885
54
487
984
104
788
245
547
469
653
683
310
117
41
536
666
6
495
758
503
164
226
968
588
271
793
118
671
977
680
955
582
299
800
789
842
50
566
698
758
243
213
927
646
196
139
10
281
226
374
87
51
92
302
17
292
984
549
429
431
306
76
584
753
573
648
964
62
440
429
711
887
987
138
456
91
612
499
758
689
253
215
554
81
706
971
598
841
216
710
113
359
84
853
518
163
336
552
906
270
39
112
463
155
788
317
198
945
11
684
555
501
806
886
78
958
77
141
814
408
242
632
863
152
688
960
541
694
374
68
656
775
327
970
998
961
809
627
309
413
640
815
155
76
33
753
407
294
517
41
811
297
941
599
36
193
792
560
548
502
471
47
899
386
414
215
124
762
606
976
228
756
600
718
132
775
843
609
31
933
202
403
242
252
34
112
869
889
292
476
283
898
301
382
528
162
966
178
765
432
765
786
156
916
40
315
181
549
64
220
764
409
749
930
155
414
738
266
297
853
910
981
150
551
518
318
145
305
831
323
337
792
726
612
122
260
328
499
310
806
224
834
76
935
976
347
374
863
930
29
221
461
437
773
290
218
334
868
825
808
617
356
335
877
871
283
750
726
694
35
57
251
197
577
529
928
919
712
822
783
503
750
214
814
739
520
247
817
291
464
759
886
115
538
417
544
412
853
300
911
922
109
808
181
242
572
218
831
739
76
298
815
957
642
742
503
891
925
271
973
304
734
786
134
563
713
572
555
495
629
878
346
200
673
168
737
620
21
639
13
404
871
929
757
593
783
707
180
243
874
56
818
722
546
903
392
277
215
953
938
624
365
929
6
589
956
322
258
442
498
25
367
248
589
17
648
18
250
319
489
836
90
683
493
621
177
346
307
992
215
68
697
482
587
110
625
590
181
853
627
23
809
30
122
517
40
940
490
637
151
349
382
997
588
482
776
824
525
575
569
967
452
781
513
744
196
144
684
797
115
214
505
107
461
140
672
410
579
305
880
142
261
616
957
252
511
209
354
317
474
721
918
942
452
478
826
390
290
15
1000
606
310
422
608
903
620
103
684
420
350
431
650
371
240
236
922
290
954
406
867
64
255
372
592
942
414
86
980
617
468
36
484
119
207
997
61
335
966
855
617
304
521
262
179
969
491
401
466
543
495
894
501
481
687
929
433
877
244
449
219
330
680
562
422
127
143
588
956
538
425
231
813
362
353
82
815
283
282
916
939
394
817
70
721
460
686
476
133
67
741
356
738
379
147
165
654
577
252
205
877
994
453
865
961
918
912
16
740
996
443
515
599
265
859
239
42
446
12
180
293
704
483
472
784
835
511
335
149
22
52
605
330
576
499
795
897
973
637
975
784
11
47
927
847
78
10
141
500
205
780
654
707
336
794
224
325
343
475
83
756
46
953
899
380
104
653
712
949
301
479
362
291
257
277
991
782
829
422
352
762
873
119
359
97
479
363
418
703
785
437
756
816
321
26
792
959
743
340
245
400
178
211
170
504
907
185
955
955
873
166
729
930
219
711
816
776
439
249
414
825
608
284
885
962
861
81
661
199
613
619
589
318
641
742
500
633
319
183
365
835
34
260
481
877
864
179
403
403
324
258
13
141
175
661
541
766
612
460
100
552
82
438
140
330
759
299
530
355
388
316
893
63
6
422
719
803
586
595
143
588
172
338
864
136
712
92
84
268
8
475
829
731
900
128
306
952
877
128
446
605
748
715
742
999
476
481
660
361
574
712
79
474
623
731
159
996
772
549
447
585
239
144
173
402
292
110
348
483
975
107
305
655
172
258
176
190
421
491
93
364
455
216
297
888
5
849
195
638
813
428
886
282
43
190
301
726
31
166
284
309
162
169
993
93
271
678
605
645
316
103
177
812
672
171
139
648
155
585
251
363
861
416
634
858
630
166
749
974
298
807
930
620
499
681
263
145
625
164
472
184
361
381
100
632
97
998
41
128
755
287
165
127
964
456
388
451
346
387
558
283
341
609
791
38
373
141
599
348
597
634
151
817
513
494
889
992
805
830
129
715
875
491
310
689
572
376
598
650
996
676
134
6
463
14
420
659
817
543
884
556
299
147
41
893
363
471
874
246
76
61
481
313
73
338
183
965
228
149
221
979
503
502
770
758
156
178
818
792
521
844
162
347
58
671
571
718
418
245
523
167
979
488
166
9
41
749
93
226
318
288
183
356
125
497
365
367
230
845
644
187
957
36
664
134
79
498
365
229
938
439
540
784
28
623
2
586
148
873
250
944
669
965
237
396
690
581
709
738
934
563
421
999
939
488
164
174
177
303
408
977
961
122
309
863
672
342
781
758
259
648
45
775
679
684
256
272
924
72
641
365
541
733
20
574
710
303
586
862
291
106
784
453
676
290
610
703
661
844
1
440
607
938
440
38
689
250
592
662
409
587
627
751
378
16
778
649
96
130
435
905
934
631
902
575
351
958
222
752
97
933
224
517
385
172
972
977
829
1
609
760
920
778
303
237
278
617
136
653
566
802
440
355
409
574
281
432
966
252
726
671
692
966
257
231
945
102
788
649
132
974
973
441
938
763
380
717
969
499
546
880
968
690
46
155
381
377
280
317
916
388
502
666
754
527
230
909
678
690
72
522
7
134
253
794
770
594
940
19
505
402
205
178
607
749
872
781
523
903
684
185
401
595
589
196
612
407
118
778
856
372
528
344
791
976
390
172
820
904
681
351
803
769
309
630
442
481
635
334
652
320
686
211
501
363
834
279
207
338
896
229
360
485
883
958
426
827
123
529
356
493
419
278
711
111
799
375
352
828
145
436
77
534
988
213
798
967
867
621
664
126
245
996
60
963
867
557
877
812
530
550
412
636
510
345
813
302
477
873
911
888
898
922
283
743
690
684
237
4
177
936
673
43
400
840
476
777
375
944
399
968
473
61
112
440
676
981
485
459
581
863
929
873
623
434
468
37
83
864
921
875
52
680
981
39
836
385
55
437
919
182
160
614
784
474
633
288
482
961
753
351
547
59
447
385
304
73
530
242
111
215
703
643
945
528
145
442
589
665
672
180
512
47
919
985
431
217
8
899
596
374
104
79
381
797
518
810
49
482
612
195
50
413
701
133
12
663
712
744
227
344
870
693
47
673
857
850
344
914
516
491
559
623
906
87
912
732
604
414
58
116
770
974
979
444
672
877
383
277
174
157
261
888
420
488
477
307
14
327
77
31
806
649
463
783
977
464
871
163
541
714
143
907
686
162
58
827
136
713
115
100
818
814
139
960
805
625
499
555
780
212
696
528
722
516
562
512
722
79
250
286
165
876
460
669
59
99
33
456
571
812
550
923
177
987
391
984
836
136
547
542
444
866
530
360
365
43
631
885
389
841
771
403
757
434
324
922
859
56
478
821
174
436
247
837
470
60
369
340
173
106
147
670
724
106
252
853
5
207
870
416
780
278
73
7
753
910
284
53
199
950
578
190
923
620
935
839
34
88
860
993
219
642
411
634
776
867
231
728
588
706
26
892
719
435
7
612
273
158
696
585
694
248
148
454
35
668
765
117
812
290
551
659
258
685
302
543
381
245
185
303
940
82
778
264
208
530
11
231
942
945
652
695
887
428
8
965
685
854
675
631
518
529
255
486
509
9
711
167
588
510
873
490
354
86
480
323
488
478
960
22
916
243
380
72
792
358
128
446
626
609
981
320
833
479
863
185
675
34
892
125
164
483
886
820
728
369
640
121
743
866
783
486
166
674
649
839
581
666
979
621
39
568
460
42
353
916
239
825
668
589
755
473
275
918
824
294
502
113
124
178
193
694
190
796
911
696
818
712
854
46
932
531
726
614
379
233
627
367
550
237
529
711
296
433
882
959
639
944
750
525
810
580
563
129
45
506
439
887
274
542
190
794
760
633
264
530
12
300
864
524
914
46
512
120
11
329
742
7
255
773
749
284
274
900
594
996
871
348
703
781
964
460
380
593
449
875
500
39
29
866
432
66
805
600
434
723
752
579
634
928
663
407
766
177
219
444
898
178
623
375
543
135
739
181
903
369
99
53
962
149
638
193
492
660
714
657
920
988
304
854
225
68
618
567
678
26
366
160
714
931
86
959
75
519
308
476
623
679
500
967
536
225
84
877
169
452
518
1000
950
152
101
630
852
180
86
631
425
446
868
981
551
696
12
280
614
350
717
623
514
248
221
190
664
813
869
124
164
312
167
426
345
611
234
773
985
114
776
649
761
808
315
858
210
788
778
6
323
434
644
682
540
353
216
638
43
771
558
476
890
831
340
653
575
55
349
206
881
17
294
854
728
140
658
561
390
801
500
357
594
187
596
933
417
816
955
880
239
502
897
542
525
391
195
459
486
461
303
292
713
55
723
358
296
316
142
718
13
44
730
929
565
990
706
358
348
841
990
713
569
650
817
610
65
993
285
983
978
746
123
606
850
404
141
91
191
817
945
927
12
613
595
85
871
450
634
619
859
978
673
195
772
555
247
524
182
670
775
243
929
629
400
749
917
864
265
265
639
652
374
945
750
347
314
632
898
394
477
515
322
989
563
589
842
71
594
927
967
371
935
501
434
485
315
361
338
378
979
241
437
859
984
973
558
407
91
110
799
136
527
447
925
670
548
974
971
419
338
739
1000
127
206
838
199
818
439
865
965
415
852
789
439
995
275
538
442
603
873
503
713
189
306
959
979
839
387
84
15
423
46
122
575
716
799
206
944
729
890
779
282
234
607
207
289
969
113
659
797
82
612
164
968
787
696
917
155
959
922
515
657
849
428
848
238
104
345
66
774
335
728
90
402
135
63
594
627
544
290
698
179
696
189
829
783
471
352
947
383
876
387
725
35
749
848
57
16
516
407
392
191
679
860
57
28
12
542
779
807
444
307
841
415
492
845
479
460
531
922
466
197
940
399
729
837
656
85
640
876
361
142
632
563
57
921
160
901
96
380
541
846
71
925
805
352
423
663
621
126
603
727
472
745
581
571
480
451
922
879
510
421
144
523
49
192
141
108
805
331
513
959
271
443
420
956
272
878
668
974
574
405
358
772
903
80
501
520
511
426
916
663
540
289
28
15
939
630
506
853
363
968
713
23
281
984
36
216
365
521
406
865
448
13
122
919
364
377
159
275
167
474
196
614
231
957
278
850
863
202
75
268
60
484
741
837
635
677
321
691
707
257
493
906
867
827
559
870
81
386
906
654
58
32
701
734
181
355
965
405
268
620
650
63
988
779
889
621
579
480
342
14
930
307
419
296
290
82
516
46
905
497
737
355
716
879
59
312
981
414
466
122
714
466
687
131
976
485
536
311
678
783
634
977
979
82
281
871
488
825
935
922
671
230
285
667
274
581
738
730
79
887
919
799
643
424
6
677
967
623
963
634
796
237
883
342
85
373
235
650
605
895
629
410
171
64
685
487
954
300
358
699
622
568
162
486
547
539
883
903
567
979
136
439
978
796
23
51
941
880
221
236
117
400
200
99
774
33
529
529
752
33
906
879
785
927
555
604
751
327
451
800
410
815
406
983
668
71
449
692
694
964
267
312
557
867
495
82
397
239
87
333
535
48
174
675
562
87
440
567
477
65
444
771
920
910
252
517
968
881
68
912
358
545
160
354
830
346
969
972
704
876
228
621
891
508
728
240
466
969
886
898
625
157
767
461
123
658
883
753
612
234
973
553
783
642
114
632
63
728
470
287
488
160
805
693
739
128
295
156
786
301
720
575
89
158
410
442
915
811
441
993
509
822
508
450
320
945
491
753
619
207
82
930
548
267
170
720
144
908
233
906
984
764
330
842
654
539
515
601
662
660
882
599
545
581
41
901
52
931
276
529
93
904
506
904
853
697
426
411
517
915
292
651
750
843
7
648
776
414
205
377
364
147
662
830
74
645
914
639
917
554
773
553
223
646
803
651
773
901
619
625
265
411
574
418
377
931
845
575
383
5
213
926
747
553
710
413
87
143
999
885
829
678
647
900
55
175
545
77
628
721
349
214
641
520
606
855
254
10
245
910
508
280
644
292
928
73
78
298
9
915
804
671
339
465
213
548
758
187
519
675
914
64
486
930
861
605
569
215
643
811
697
277
388
911
933
105
112
597
931
313
537
371
605
694
917
345
729
557
83
48
952
867
717
878
175
714
170
350
456
625
553
830
338
410
98
904
513
962
397
58
730
243
722
372
362
401
995
672
994
698
224
580
191
47
526
332
763
727
349
112
389
145
680
912
75
797
715
566
947
126
792
455
714
864
258
218
133
811
660
547
671
211
625
418
640
473
620
503
481
3
930
53
910
628
214
467
617
616
867
252
139
47
246
302
773
171
608
60
662
966
111
229
8
450
59
746
634
258
188
30
377
554
597
840
319
572
165
189
572
125
305
588
780
223
994
183
727
328
693
532
656
170
557
1
443
626
378
111
446
454
11
412
933
688
845
876
987
219
425
330
618
833
1
903
921
940
19
915
559
13
476
549
449
718
155
163
354
60
840
779
610
505
192
486
164
322
140
57
951
496
396
6
905
752
213
566
540
384
637
108
82
679
607
286
164
672
202
504
77
213
663
473
431
244
675
889
980
105
329
116
595
849
803
300
82
713
413
251
266
428
299
622
750
791
366
540
490
745
293
5
262
84
372
335
421
228
921
539
57
469
442
321
931
863
231
253
241
27
756
976
417
7
617
170
700
579
60
605
436
506
580
494
268
925
751
741
695
75
41
418
713
914
318
745
692
472
46
610
643
817
964
542
497
132
676
241
681
257
154
499
527
50
277
783
262
742
871
433
325
288
580
504
208
169
696
159
993
729
967
868
833
417
39
892
273
657
94
727
804
121
722
990
667
21
388
325
411
706
51
529
466
511
763
153
641
5
249
449
605
575
317
137
664
951
577
255
368
263
23
606
907
823
247
935
274
319
95
497
672
988
145
797
151
590
329
435
459
115
954
697
984
523
438
340
631
342
495
915
531
729
203
439
690
764
553
97
340
398
182
102
705
223
853
97
437
860
769
65
360
629
75
889
66
817
590
657
240
499
930
685
239
344
146
889
742
549
373
868
778
115
687
625
915
305
768
842
564
320
390
37
685
842
612
540
558
76
788
18
263
204
482
95
37
592
232
671
456
526
510
897
307
411
543
870
548
179
150
20
590
594
200
631
508
294
581
39
51
408
244
471
658
264
583
310
719
281
889
231
327
219
624
134
457
424
699
452
115
558
136
607
102
273
425
411
394
549
501
955
24
768
383
298
596
434
873
619
243
685
275
240
600
710
649
64
181
679
363
331
418
952
123
202
1
297
752
557
394
427
765
159
168
904
550
676
239
940
748
434
22
751
972
584
519
929
385
659
988
428
619
626
230
425
293
611
14
184
246
81
423
378
579
600
33
101
564
888
209
272
891
498
318
245
376
220
592
215
920
384
913
675
345
702
836
954
459
440
619
398
344
54
937
300
676
31
436
504
415
447
717
668
498
522
529
426
119
694
3
924
574
876
635
985
236
964
973
118
219
311
660
130
57
215
123
829
171
581
851
976
647
922
214
66
282
202
375
369
72
325
371
372
927
450
467
671
527
873
460
87
965
281
175
437
402
966
976
127
643
65
539
820
641
49
232
466
233
92
488
668
824
991
161
479
826
839
663
863
605
578
274
23
120
580
367
833
801
2
862
909
690
354
710
851
713
945
937
665
514
740
609
407
160
850
272
902
413
195
247
712
676
342
498
932
703
267
52
804
15
727
118
905
807
981
393
739
75
963
115
806
126
612
203
527
751
373
232
927
646
145
810
807
170
427
959
524
317
312
220
739
577
140
696
839
190
213
875
514
254
253
238
403
280
546
607
666
367
269
442
646
937
500
239
210
206
461
956
275
776
431
495
269
244
236
303
739
971
84
507
963
762
61
853
204
273
288
979
399
903
258
11
392
717
185
1000
61
717
107
293
850
291
850
52
213
860
253
302
389
338
191
592
382
771
930
424
90
183
104
690
580
299
463
123
880
875
739
891
752
216
403
466
488
448
61
974
228
736
844
82
143
723
892
603
619
259
122
424
566
946
21
745
428
757
914
452
929
696
432
658
17
453
894
355
69
71
639
441
188
815
214
411
211
3
196
206
421
495
253
692
119
721
132
266
22
48
455
925
810
351
306
407
689
149
747
210
400
13
953
325
556
221
377
929
202
696
211
745
613
487
576
494
76
704
632
780
673
959
173
35
266
936
386
747
861
603
435
524
957
401
393
922
268
658
758
384
368
765
568
935
782
366
858
718
634
358
116
902
320
988
992
875
605
264
857
724
499
730
225
714
707
937
735
290
364
