492
15
22
44
6
15
52
60
82
60
83
27
1
45
62
91
18
31
72
81
63
27
29
99
70
81
59
43
37
15
89
57
84
74
68
94
2
45
87
95
92
2
79
51
70
12
13
50
3
3
2
15
84
18
59
41
24
20
19
35
38
75
8
20
25
65
1
55
24
90
53
61
31
43
85
96
84
27
42
90
72
16
37
93
83
17
73
69
54
75
67
95
36
58
30
56
41
33
46
10
92
97
55
36
84
55
28
14
7
13
38
100
43
20
51
80
98
42
32
11
54
2
37
2
31
88
73
59
43
85
14
16
80
19
11
36
9
99
96
96
43
100
21
84
79
34
49
30
7
36
50
77
39
10
27
84
81
60
30
34
43
66
88
93
96
96
40
85
23
90
92
49
35
2
24
60
62
5
56
91
93
98
82
34
20
83
42
87
92
10
35
100
32
62
48
40
53
46
95
49
38
37
78
20
91
77
14
80
79
33
76
44
40
26
27
33
3
92
70
57
44
32
59
14
20
50
28
51
77
55
39
68
86
84
90
44
46
93
32
37
20
42
94
80
67
69
53
10
75
72
31
49
3
13
27
95
31
97
19
97
23
18
3
47
12
46
24
81
60
38
28
21
6
74
23
72
93
6
43
71
85
74
28
84
33
17
7
83
9
64
47
16
82
76
93
40
85
56
47
7
98
34
33
5
53
59
100
37
56
49
26
92
16
70
54
17
10
98
86
45
43
2
10
37
66
14
41
96
76
77
25
65
62
15
47
33
4
31
49
63
18
18
93
76
77
7
4
28
28
83
15
34
33
38
19
83
90
52
12
21
29
98
67
76
16
37
53
37
38
66
95
64
45
56
80
78
65
1
38
34
62
29
87
64
92
78
81
59
80
92
51
17
97
75
37
82
92
79
92
31
88
66
31
12
63
1
88
67
68
88
29
21
14
42
70
21
5
90
37
8
99
38
28
73
13
100
39
75
92
57
97
16
48
59
19
49
58
15
35
33
28
12
46
39
56
59
95
88
71
87
72
89
94
7
67
61
80
18
21
34
11
28
24
53
94
11
39
79
45
95
97
92
58
98
64
97
25
91
44
52
14
74
46
90
22
60
35
65
59
24
64
37
96
